[SETTINGS]
WIDTH=1.37903523445129
LENGTH=2.85644483566284

