[SETTINGS]
WIDTH=1.20000004768372
LENGTH=2.79999995231628

