[DASH_CAM]
EXP=0
POS=0.375003,1.16336,0.223812
