[DASH_CAM]
POS=0.386688,0.878438,-0.202722
EXP=27

